function rigPxPerMm = loadRigPxPerMm()

rigPxPerMm = [42 38;       % rig 1
             59.3 63.9;    % rig 2
             57 49;        % rig 3
             60.4 64.8;    % rig 4 - updated 1/2/21
             51.48 52.52;  % rig 5 - updated 7/19/21
             55.31 63.94;]; % rig 6 - updated 5/20/22

end